20
1 1
1
Player
93
1 12 8
2 11 7
1 11 8
2 13 8
1 12 7
2 10 9
1 13 7
2 12 6
1 13 6
2 14 5
1 11 9
2 10 10
1 14 6
2 15 5
1 13 5
2 10 11
1 10 8
2 10 12
1 10 13
2 9 7
1 12 4
2 11 3
1 15 7
2 16 8
1 16 7
2 14 7
1 15 6
2 13 4
1 16 6
2 17 6
1 17 5
2 18 4
1 14 8
2 13 9
1 16 5
2 16 4
1 11 10
2 12 9
1 10 7
2 9 8
1 15 9
2 16 10
1 17 7
2 15 8
1 17 8
2 18 7
1 18 9
2 19 10
1 11 11
2 11 12
1 12 5
2 12 13
1 9 10
2 13 14
1 14 15
2 11 5
1 18 10
2 18 8
1 18 5
2 17 4
1 15 4
2 19 4
1 20 4
2 17 9
1 19 7
2 15 11
1 14 12
2 11 4
1 11 6
2 11 2
1 11 1
2 12 3
1 10 1
2 13 2
1 14 1
2 10 5
1 9 6
2 13 3
1 14 3
2 10 3
1 9 3
2 13 1
1 9 4
2 10 4
1 12 2
2 10 6
1 9 5
2 9 2
1 14 13
2 8 1
1 14 14
2 14 16
1 14 11
14 15 1
