15
1 0
1
Player
79
1 8 14
2 7 13
1 8 13
2 8 12
1 7 12
2 9 11
1 6 14
2 10 10
1 11 9
2 7 14
1 9 13
2 9 14
1 10 12
2 7 15
1 11 11
2 12 10
1 11 10
2 11 12
1 12 11
2 11 8
1 10 9
2 13 12
1 9 8
2 8 7
1 9 9
2 12 9
1 8 9
2 7 9
1 11 7
2 10 8
1 10 7
2 11 6
1 7 10
2 6 11
1 9 7
2 9 10
1 9 6
2 9 5
1 12 7
2 13 7
1 10 6
2 8 8
1 11 5
2 12 4
1 12 6
2 12 8
1 10 4
2 13 8
1 14 8
2 10 5
1 9 3
2 8 2
1 6 10
2 14 6
1 5 10
2 15 5
1 4 10
2 8 10
1 3 9
2 3 10
1 5 11
2 6 8
1 5 7
2 6 12
1 5 9
2 5 8
1 5 12
2 5 13
1 2 8
2 1 7
1 4 9
2 7 11
1 4 14
2 8 11
1 4 11
2 7 8
1 4 8
2 4 12
1 4 7
