20
0 1
1
Player
152
1 13 13
2 12 12
1 14 13
2 12 13
1 13 12
2 12 14
1 12 11
2 15 14
1 14 12
2 12 15
1 12 16
2 11 10
1 14 14
2 14 11
1 13 15
2 15 13
1 15 12
2 13 14
1 14 15
2 14 16
1 16 12
2 17 12
1 11 17
2 10 18
1 15 11
2 16 10
1 14 10
2 17 13
1 13 9
2 12 8
1 13 10
2 13 11
1 14 9
2 15 8
1 11 12
2 10 13
1 12 9
2 15 9
1 11 9
2 10 9
1 14 8
2 14 7
1 11 8
2 10 7
1 11 7
2 11 6
1 12 7
2 9 8
1 12 5
2 8 9
1 7 10
2 8 7
1 7 6
2 11 14
1 9 12
2 10 14
1 9 14
2 11 13
1 9 15
2 9 13
1 8 13
2 13 16
1 14 17
2 10 12
1 10 11
2 10 15
1 10 16
2 8 14
1 11 11
2 7 15
1 6 16
2 9 16
1 8 17
2 9 11
1 8 10
2 12 10
1 7 14
2 6 15
1 8 12
2 12 18
1 7 13
2 17 11
1 17 10
2 17 14
1 17 15
2 18 12
1 19 13
2 16 11
1 7 12
2 7 11
1 6 11
2 5 10
1 6 10
2 6 12
1 6 9
2 8 11
1 6 8
2 6 7
1 5 8
2 9 10
1 4 7
2 3 6
1 5 7
2 9 9
1 9 7
2 7 8
1 5 6
2 5 5
1 6 6
2 8 6
1 7 5
2 4 8
1 8 4
2 9 3
1 9 4
2 8 8
1 10 4
2 7 4
1 11 4
2 12 4
1 10 3
2 9 2
1 11 3
2 8 5
1 11 2
2 11 1
1 19 12
2 9 6
1 6 3
2 10 6
1 12 6
2 10 8
1 10 5
2 10 2
1 19 11
2 19 14
1 19 10
2 19 9
1 18 9
2 18 13
1 20 15
2 7 9
1 20 11
2 17 8
1 19 7
2 12 1
1 19 15
2 18 15
1 20 14
2 18 14
1 17 16
2 18 11
